(19, 0.1500946352969992)
(14, 0.25418658283290013)
(19, 0.1500946352969992)
(9, 0.43046721000000016)
(7, 0.5314410000000002)
(14, 0.25418658283290013)
(8, 0.47829690000000014)
(9, 0.43046721000000016)
(17, 0.1853020188851842)
(18, 0.16677181699666577)
(14, 0.25418658283290013)
(7, 0.5314410000000002)
(7, 0.5314410000000002)
(18, 0.16677181699666577)
(7, 0.5314410000000002)
(22, 0.10941898913151243)
(17, 0.1853020188851842)
(18, 0.16677181699666577)
(8, 0.47829690000000014)
(7, 0.5314410000000002)
(17, 0.1853020188851842)
(12, 0.31381059609000017)
(7, 0.5314410000000002)
(7, 0.5314410000000002)
(16, 0.2058911320946491)
(28, 0.05814973700304011)
(7, 0.5314410000000002)
(9, 0.43046721000000016)
(7, 0.5314410000000002)
(9, 0.43046721000000016)
(7, 0.5314410000000002)
(21, 0.12157665459056936)
(8, 0.47829690000000014)
(25, 0.07976644307687257)
(7, 0.5314410000000002)
(15, 0.22876792454961012)
(14, 0.25418658283290013)
(7, 0.5314410000000002)
(7, 0.5314410000000002)
(18, 0.16677181699666577)
(7, 0.5314410000000002)
(19, 0.1500946352969992)
(7, 0.5314410000000002)
(10, 0.38742048900000015)
(15, 0.22876792454961012)
(7, 0.5314410000000002)
(18, 0.16677181699666577)
(13, 0.28242953648100017)
(17, 0.1853020188851842)
(13, 0.28242953648100017)
(7, 0.5314410000000002)
(17, 0.1853020188851842)
(24, 0.08862938119652508)
(9, 0.43046721000000016)
(7, 0.5314410000000002)
(9, 0.43046721000000016)
(14, 0.25418658283290013)
(7, 0.5314410000000002)
(18, 0.16677181699666577)
(26, 0.07178979876918531)
(17, 0.1853020188851842)
(21, 0.12157665459056936)
(36, 0.025031555049932444)
(25, 0.07976644307687257)
(12, 0.31381059609000017)
(7, 0.5314410000000002)
(16, 0.2058911320946491)
(19, 0.1500946352969992)
(7, 0.5314410000000002)
(7, 0.5314410000000002)
(7, 0.5314410000000002)
(7, 0.5314410000000002)
(7, 0.5314410000000002)
(14, 0.25418658283290013)
(7, 0.5314410000000002)
(7, 0.5314410000000002)
(23, 0.0984770902183612)
(13, 0.28242953648100017)
(7, 0.5314410000000002)
(15, 0.22876792454961012)
(17, 0.1853020188851842)
(25, 0.07976644307687257)
(7, 0.5314410000000002)
(18, 0.16677181699666577)
(15, 0.22876792454961012)
(13, 0.28242953648100017)
(16, 0.2058911320946491)
(28, 0.05814973700304011)
(9, 0.43046721000000016)
(23, 0.0984770902183612)
(7, 0.5314410000000002)
(30, 0.04710128697246249)
(17, 0.1853020188851842)
(7, 0.5314410000000002)
(25, 0.07976644307687257)
(18, 0.16677181699666577)
(12, 0.31381059609000017)
(15, 0.22876792454961012)
(17, 0.1853020188851842)
(9, 0.43046721000000016)
(10, 0.38742048900000015)
(25, 0.07976644307687257)
(15, 0.22876792454961012)
(18, 0.16677181699666577)
(19, 0.1500946352969992)
(7, 0.5314410000000002)
(19, 0.1500946352969992)
(7, 0.5314410000000002)
(14, 0.25418658283290013)
(21, 0.12157665459056936)
(7, 0.5314410000000002)
(7, 0.5314410000000002)
(7, 0.5314410000000002)
(14, 0.25418658283290013)
(17, 0.1853020188851842)
(26, 0.07178979876918531)
(22, 0.10941898913151243)
(22, 0.10941898913151243)
(13, 0.28242953648100017)
(16, 0.2058911320946491)
(21, 0.12157665459056936)
(7, 0.5314410000000002)
(7, 0.5314410000000002)
(23, 0.0984770902183612)
(7, 0.5314410000000002)
(16, 0.2058911320946491)
(18, 0.16677181699666577)
(7, 0.5314410000000002)
(33, 0.03433683820292516)
(10, 0.38742048900000015)
(17, 0.1853020188851842)
(7, 0.5314410000000002)
(23, 0.0984770902183612)
(21, 0.12157665459056936)
(9, 0.43046721000000016)
(14, 0.25418658283290013)
(7, 0.5314410000000002)
(13, 0.28242953648100017)
(22, 0.10941898913151243)
(7, 0.5314410000000002)
(20, 0.13508517176729928)
(23, 0.0984770902183612)
(17, 0.1853020188851842)
(22, 0.10941898913151243)
(7, 0.5314410000000002)
(7, 0.5314410000000002)
(17, 0.1853020188851842)
(7, 0.5314410000000002)
(17, 0.1853020188851842)
(16, 0.2058911320946491)
(18, 0.16677181699666577)
(11, 0.34867844010000015)
(19, 0.1500946352969992)
(21, 0.12157665459056936)
(20, 0.13508517176729928)
(7, 0.5314410000000002)
(7, 0.5314410000000002)
(16, 0.2058911320946491)
(7, 0.5314410000000002)
(19, 0.1500946352969992)
(17, 0.1853020188851842)
(17, 0.1853020188851842)
(21, 0.12157665459056936)
(23, 0.0984770902183612)
(18, 0.16677181699666577)
(16, 0.2058911320946491)
(7, 0.5314410000000002)
(16, 0.2058911320946491)
(9, 0.43046721000000016)
(20, 0.13508517176729928)
(16, 0.2058911320946491)
(15, 0.22876792454961012)
(17, 0.1853020188851842)
(23, 0.0984770902183612)
(14, 0.25418658283290013)
(16, 0.2058911320946491)
(19, 0.1500946352969992)
(7, 0.5314410000000002)
(16, 0.2058911320946491)
(19, 0.1500946352969992)
(13, 0.28242953648100017)
(241, 1.0428029844759576e-11)
(7, 0.5314410000000002)
(16, 0.2058911320946491)
(15, 0.22876792454961012)
(8, 0.47829690000000014)
(24, 0.08862938119652508)
(18, 0.16677181699666577)
(16, 0.2058911320946491)
(18, 0.16677181699666577)
(7, 0.5314410000000002)
(7, 0.5314410000000002)
(24, 0.08862938119652508)
(21, 0.12157665459056936)
(15, 0.22876792454961012)
(9, 0.43046721000000016)
(12, 0.31381059609000017)
(14, 0.25418658283290013)
(17, 0.1853020188851842)
(7, 0.5314410000000002)
(18, 0.16677181699666577)
(15, 0.22876792454961012)
(18, 0.16677181699666577)
(21, 0.12157665459056936)
(7, 0.5314410000000002)
(16, 0.2058911320946491)
(19, 0.1500946352969992)
(17, 0.1853020188851842)
(12, 0.31381059609000017)
(7, 0.5314410000000002)
(18, 0.16677181699666577)
(21, 0.12157665459056936)
(7, 0.5314410000000002)
(14, 0.25418658283290013)
(27, 0.06461081889226679)
(7, 0.5314410000000002)
(19, 0.1500946352969992)
(7, 0.5314410000000002)
(15, 0.22876792454961012)
