(8, 0.47829690000000014)
(15, 0.22876792454961012)
(20, 0.13508517176729928)
(17, 0.1853020188851842)
(22, 0.10941898913151243)
(23, 0.0984770902183612)
(20, 0.13508517176729928)
(9, 0.43046721000000016)
(18, 0.16677181699666577)
(24, 0.08862938119652508)
(60, 0.001996678111016037)
(14, 0.25418658283290013)
(15, 0.22876792454961012)
(14, 0.25418658283290013)
(19, 0.1500946352969992)
(9, 0.43046721000000016)
(13, 0.28242953648100017)
(17, 0.1853020188851842)
(22, 0.10941898913151243)
(18, 0.16677181699666577)
(7, 0.5314410000000002)
(18, 0.16677181699666577)
(8, 0.47829690000000014)
(7, 0.5314410000000002)
(20, 0.13508517176729928)
(17, 0.1853020188851842)
(14, 0.25418658283290013)
(7, 0.5314410000000002)
(14, 0.25418658283290013)
(7, 0.5314410000000002)
(21, 0.12157665459056936)
(16, 0.2058911320946491)
(16, 0.2058911320946491)
(9, 0.43046721000000016)
(19, 0.1500946352969992)
(18, 0.16677181699666577)
(23, 0.0984770902183612)
(7, 0.5314410000000002)
(20, 0.13508517176729928)
(7, 0.5314410000000002)
(17, 0.1853020188851842)
(20, 0.13508517176729928)
(7, 0.5314410000000002)
(26, 0.07178979876918531)
(17, 0.1853020188851842)
(24, 0.08862938119652508)
(39, 0.01824800363140075)
(17, 0.1853020188851842)
(22, 0.10941898913151243)
(17, 0.1853020188851842)
(17, 0.1853020188851842)
(9, 0.43046721000000016)
(7, 0.5314410000000002)
(20, 0.13508517176729928)
(20, 0.13508517176729928)
(21, 0.12157665459056936)
(32, 0.03815204244769462)
(17, 0.1853020188851842)
(17, 0.1853020188851842)
(24, 0.08862938119652508)
(24, 0.08862938119652508)
(19, 0.1500946352969992)
(19, 0.1500946352969992)
(20, 0.13508517176729928)
(16, 0.2058911320946491)
(78, 0.0002996906728784534)
(10, 0.38742048900000015)
(7, 0.5314410000000002)
(18, 0.16677181699666577)
(26, 0.07178979876918531)
(19, 0.1500946352969992)
(18, 0.16677181699666577)
(20, 0.13508517176729928)
(14, 0.25418658283290013)
(9, 0.43046721000000016)
(18, 0.16677181699666577)
(19, 0.1500946352969992)
(19, 0.1500946352969992)
(21, 0.12157665459056936)
(17, 0.1853020188851842)
(8, 0.47829690000000014)
(17, 0.1853020188851842)
(22, 0.10941898913151243)
(18, 0.16677181699666577)
(19, 0.1500946352969992)
(15, 0.22876792454961012)
(16, 0.2058911320946491)
(18, 0.16677181699666577)
(17, 0.1853020188851842)
(7, 0.5314410000000002)
(21, 0.12157665459056936)
(17, 0.1853020188851842)
(7, 0.5314410000000002)
(15, 0.22876792454961012)
(16, 0.2058911320946491)
(12, 0.31381059609000017)
(18, 0.16677181699666577)
(23, 0.0984770902183612)
(22, 0.10941898913151243)
(17, 0.1853020188851842)
(7, 0.5314410000000002)
(29, 0.0523347633027361)
(17, 0.1853020188851842)
(20, 0.13508517176729928)
(17, 0.1853020188851842)
(17, 0.1853020188851842)
(26, 0.07178979876918531)
(22, 0.10941898913151243)
(21, 0.12157665459056936)
(18, 0.16677181699666577)
(22, 0.10941898913151243)
(18, 0.16677181699666577)
(16, 0.2058911320946491)
(19, 0.1500946352969992)
(11, 0.34867844010000015)
(17, 0.1853020188851842)
(19, 0.1500946352969992)
(7, 0.5314410000000002)
(18, 0.16677181699666577)
(19, 0.1500946352969992)
(9, 0.43046721000000016)
(17, 0.1853020188851842)
(23, 0.0984770902183612)
(16, 0.2058911320946491)
(19, 0.1500946352969992)
(21, 0.12157665459056936)
(19, 0.1500946352969992)
(19, 0.1500946352969992)
(16, 0.2058911320946491)
(23, 0.0984770902183612)
(16, 0.2058911320946491)
(17, 0.1853020188851842)
(17, 0.1853020188851842)
(20, 0.13508517176729928)
(20, 0.13508517176729928)
(23, 0.0984770902183612)
(36, 0.025031555049932444)
(14, 0.25418658283290013)
(24, 0.08862938119652508)
(9, 0.43046721000000016)
(18, 0.16677181699666577)
(20, 0.13508517176729928)
(7, 0.5314410000000002)
(18, 0.16677181699666577)
(22, 0.10941898913151243)
(17, 0.1853020188851842)
(30, 0.04710128697246249)
(19, 0.1500946352969992)
(19, 0.1500946352969992)
(19, 0.1500946352969992)
(20, 0.13508517176729928)
(7, 0.5314410000000002)
(21, 0.12157665459056936)
(17, 0.1853020188851842)
(22, 0.10941898913151243)
(8, 0.47829690000000014)
(15, 0.22876792454961012)
(11, 0.34867844010000015)
(21, 0.12157665459056936)
(16, 0.2058911320946491)
(22, 0.10941898913151243)
(19, 0.1500946352969992)
(15, 0.22876792454961012)
(7, 0.5314410000000002)
(23, 0.0984770902183612)
(9, 0.43046721000000016)
(20, 0.13508517176729928)
(16, 0.2058911320946491)
(20, 0.13508517176729928)
(20, 0.13508517176729928)
(24, 0.08862938119652508)
(7, 0.5314410000000002)
(18, 0.16677181699666577)
(15, 0.22876792454961012)
(7, 0.5314410000000002)
(16, 0.2058911320946491)
(16, 0.2058911320946491)
(16, 0.2058911320946491)
(19, 0.1500946352969992)
(19, 0.1500946352969992)
(17, 0.1853020188851842)
(21, 0.12157665459056936)
(24, 0.08862938119652508)
(20, 0.13508517176729928)
(17, 0.1853020188851842)
(21, 0.12157665459056936)
(7, 0.5314410000000002)
(18, 0.16677181699666577)
(20, 0.13508517176729928)
(17, 0.1853020188851842)
(21, 0.12157665459056936)
(16, 0.2058911320946491)
(20, 0.13508517176729928)
(15, 0.22876792454961012)
(14, 0.25418658283290013)
(20, 0.13508517176729928)
(16, 0.2058911320946491)
(17, 0.1853020188851842)
(17, 0.1853020188851842)
(17, 0.1853020188851842)
(8, 0.47829690000000014)
(18, 0.16677181699666577)
(16, 0.2058911320946491)
(16, 0.2058911320946491)
(20, 0.13508517176729928)
(19, 0.1500946352969992)
(20, 0.13508517176729928)
(17, 0.1853020188851842)
(7, 0.5314410000000002)
(16, 0.2058911320946491)
(19, 0.1500946352969992)
(22, 0.10941898913151243)
(7, 0.5314410000000002)
(16, 0.2058911320946491)
(19, 0.1500946352969992)
(7, 0.5314410000000002)
(7, 0.5314410000000002)
(7, 0.5314410000000002)
(20, 0.13508517176729928)
(22, 0.10941898913151243)
