(8, 0.47829690000000014)
(7, 0.5314410000000002)
(14, 0.25418658283290013)
(16, 0.2058911320946491)
(16, 0.2058911320946491)
(16, 0.2058911320946491)
(19, 0.1500946352969992)
(9, 0.43046721000000016)
(9, 0.43046721000000016)
(15, 0.22876792454961012)
(7, 0.5314410000000002)
(19, 0.1500946352969992)
(7, 0.5314410000000002)
(19, 0.1500946352969992)
(7, 0.5314410000000002)
(7, 0.5314410000000002)
(8, 0.47829690000000014)
(7, 0.5314410000000002)
(18, 0.16677181699666577)
(8, 0.47829690000000014)
(16, 0.2058911320946491)
(7, 0.5314410000000002)
(23, 0.0984770902183612)
(16, 0.2058911320946491)
(8, 0.47829690000000014)
(9, 0.43046721000000016)
(17, 0.1853020188851842)
(7, 0.5314410000000002)
(20, 0.13508517176729928)
(16, 0.2058911320946491)
(18, 0.16677181699666577)
(7, 0.5314410000000002)
(17, 0.1853020188851842)
(19, 0.1500946352969992)
(11, 0.34867844010000015)
(25, 0.07976644307687257)
(7, 0.5314410000000002)
(19, 0.1500946352969992)
(22, 0.10941898913151243)
(15, 0.22876792454961012)
(15, 0.22876792454961012)
(7, 0.5314410000000002)
(17, 0.1853020188851842)
(16, 0.2058911320946491)
(14, 0.25418658283290013)
(15, 0.22876792454961012)
(16, 0.2058911320946491)
(7, 0.5314410000000002)
(7, 0.5314410000000002)
(15, 0.22876792454961012)
(15, 0.22876792454961012)
(22, 0.10941898913151243)
(7, 0.5314410000000002)
(16, 0.2058911320946491)
(7, 0.5314410000000002)
(7, 0.5314410000000002)
(16, 0.2058911320946491)
(22, 0.10941898913151243)
(8, 0.47829690000000014)
(10, 0.38742048900000015)
(18, 0.16677181699666577)
(7, 0.5314410000000002)
(18, 0.16677181699666577)
(7, 0.5314410000000002)
(15, 0.22876792454961012)
(15, 0.22876792454961012)
(15, 0.22876792454961012)
(17, 0.1853020188851842)
(26, 0.07178979876918531)
(16, 0.2058911320946491)
(17, 0.1853020188851842)
(7, 0.5314410000000002)
(15, 0.22876792454961012)
(17, 0.1853020188851842)
(7, 0.5314410000000002)
(20, 0.13508517176729928)
(8, 0.47829690000000014)
(15, 0.22876792454961012)
(18, 0.16677181699666577)
(7, 0.5314410000000002)
(16, 0.2058911320946491)
(16, 0.2058911320946491)
(19, 0.1500946352969992)
(7, 0.5314410000000002)
(8, 0.47829690000000014)
(7, 0.5314410000000002)
(16, 0.2058911320946491)
(18, 0.16677181699666577)
(16, 0.2058911320946491)
(20, 0.13508517176729928)
(17, 0.1853020188851842)
(11, 0.34867844010000015)
(19, 0.1500946352969992)
(23, 0.0984770902183612)
(18, 0.16677181699666577)
(15, 0.22876792454961012)
(16, 0.2058911320946491)
(17, 0.1853020188851842)
(15, 0.22876792454961012)
(7, 0.5314410000000002)
(16, 0.2058911320946491)
(15, 0.22876792454961012)
(15, 0.22876792454961012)
(14, 0.25418658283290013)
(18, 0.16677181699666577)
(18, 0.16677181699666577)
(19, 0.1500946352969992)
(18, 0.16677181699666577)
(16, 0.2058911320946491)
(15, 0.22876792454961012)
(7, 0.5314410000000002)
(9, 0.43046721000000016)
(17, 0.1853020188851842)
(7, 0.5314410000000002)
(15, 0.22876792454961012)
(7, 0.5314410000000002)
(22, 0.10941898913151243)
(18, 0.16677181699666577)
(17, 0.1853020188851842)
(7, 0.5314410000000002)
(16, 0.2058911320946491)
(20, 0.13508517176729928)
(17, 0.1853020188851842)
(16, 0.2058911320946491)
(18, 0.16677181699666577)
(20, 0.13508517176729928)
(16, 0.2058911320946491)
(7, 0.5314410000000002)
(17, 0.1853020188851842)
(7, 0.5314410000000002)
(14, 0.25418658283290013)
(7, 0.5314410000000002)
(15, 0.22876792454961012)
(7, 0.5314410000000002)
(16, 0.2058911320946491)
(22, 0.10941898913151243)
(7, 0.5314410000000002)
(7, 0.5314410000000002)
(22, 0.10941898913151243)
(19, 0.1500946352969992)
(16, 0.2058911320946491)
(18, 0.16677181699666577)
(7, 0.5314410000000002)
(18, 0.16677181699666577)
(8, 0.47829690000000014)
(20, 0.13508517176729928)
(16, 0.2058911320946491)
(21, 0.12157665459056936)
(16, 0.2058911320946491)
(7, 0.5314410000000002)
(19, 0.1500946352969992)
(7, 0.5314410000000002)
(7, 0.5314410000000002)
(16, 0.2058911320946491)
(15, 0.22876792454961012)
(7, 0.5314410000000002)
(22, 0.10941898913151243)
(7, 0.5314410000000002)
(13, 0.28242953648100017)
(19, 0.1500946352969992)
(19, 0.1500946352969992)
(15, 0.22876792454961012)
(20, 0.13508517176729928)
(17, 0.1853020188851842)
(16, 0.2058911320946491)
(7, 0.5314410000000002)
(15, 0.22876792454961012)
(11, 0.34867844010000015)
(7, 0.5314410000000002)
(15, 0.22876792454961012)
(20, 0.13508517176729928)
(7, 0.5314410000000002)
(24, 0.08862938119652508)
(61, 0.0017970102999144335)
(9, 0.43046721000000016)
(7, 0.5314410000000002)
(7, 0.5314410000000002)
(20, 0.13508517176729928)
(18, 0.16677181699666577)
(11, 0.34867844010000015)
(17, 0.1853020188851842)
(22, 0.10941898913151243)
(8, 0.47829690000000014)
(7, 0.5314410000000002)
(16, 0.2058911320946491)
(7, 0.5314410000000002)
(19, 0.1500946352969992)
(17, 0.1853020188851842)
(20, 0.13508517176729928)
(7, 0.5314410000000002)
(17, 0.1853020188851842)
(16, 0.2058911320946491)
(17, 0.1853020188851842)
(21, 0.12157665459056936)
(17, 0.1853020188851842)
(16, 0.2058911320946491)
(19, 0.1500946352969992)
(20, 0.13508517176729928)
(15, 0.22876792454961012)
(19, 0.1500946352969992)
(7, 0.5314410000000002)
(18, 0.16677181699666577)
(17, 0.1853020188851842)
(19, 0.1500946352969992)
(8, 0.47829690000000014)
(7, 0.5314410000000002)
(17, 0.1853020188851842)
(7, 0.5314410000000002)
(7, 0.5314410000000002)
(7, 0.5314410000000002)
(16, 0.2058911320946491)
(15, 0.22876792454961012)
(7, 0.5314410000000002)
(21, 0.12157665459056936)
(14, 0.25418658283290013)
(16, 0.2058911320946491)
(38, 0.020275559590445278)
(8, 0.47829690000000014)
(16, 0.2058911320946491)
(18, 0.16677181699666577)
(18, 0.16677181699666577)
(17, 0.1853020188851842)
(14, 0.25418658283290013)
(10, 0.38742048900000015)
(7, 0.5314410000000002)
(16, 0.2058911320946491)
(20, 0.13508517176729928)
(7, 0.5314410000000002)
(19, 0.1500946352969992)
(7, 0.5314410000000002)
(15, 0.22876792454961012)
(8, 0.47829690000000014)
(7, 0.5314410000000002)
(8, 0.47829690000000014)
(15, 0.22876792454961012)
(16, 0.2058911320946491)
(7, 0.5314410000000002)
(7, 0.5314410000000002)
(19, 0.1500946352969992)
(7, 0.5314410000000002)
(15, 0.22876792454961012)
(19, 0.1500946352969992)
(9, 0.43046721000000016)
(12, 0.31381059609000017)
(16, 0.2058911320946491)
(16, 0.2058911320946491)
(7, 0.5314410000000002)
(26, 0.07178979876918531)
(17, 0.1853020188851842)
(9, 0.43046721000000016)
(7, 0.5314410000000002)
(21, 0.12157665459056936)
(15, 0.22876792454961012)
(21, 0.12157665459056936)
(19, 0.1500946352969992)
(16, 0.2058911320946491)
(7, 0.5314410000000002)
(9, 0.43046721000000016)
(7, 0.5314410000000002)
(14, 0.25418658283290013)
(19, 0.1500946352969992)
(24, 0.08862938119652508)
(18, 0.16677181699666577)
(14, 0.25418658283290013)
(16, 0.2058911320946491)
(21, 0.12157665459056936)
(59, 0.0022185312344622636)
(7, 0.5314410000000002)
(16, 0.2058911320946491)
(17, 0.1853020188851842)
(7, 0.5314410000000002)
(7, 0.5314410000000002)
(17, 0.1853020188851842)
(16, 0.2058911320946491)
(9, 0.43046721000000016)
(14, 0.25418658283290013)
(18, 0.16677181699666577)
(8, 0.47829690000000014)
(15, 0.22876792454961012)
(8, 0.47829690000000014)
